image_width: 640
image_height: 480
camera_name: 00b09d01005c071b
camera_matrix:
  rows: 3
  cols: 3
  data: [821.208120, 0,          321.883424,
         0,          822.213113, 253.629047,
         0,          0,          1]
distortion_coefficients:
  rows: 1
  cols: 5
  data: [-0.418643, 0.236783, -0.001633, -0.000451, 0]
rectification_matrix:
  rows: 3
  cols: 3
  data: [1, 0, 0,
         0, 1, 0,
         0, 0, 1]
projection_matrix:
  rows: 3
  cols: 4
  data: [821.208120, 0,          321.883424, 0,
         0,          822.213113, 253.629047, 0,
         0,          0,          1,          0]
