image_width: 640
image_height: 480
camera_name: 00b09d01005c0722
camera_matrix:
  rows: 3
  cols: 3
  data: [468.934, 0, 326.221, 0, 462.603, 257.794, 0, 0, 1]
distortion_coefficients:
  rows: 1
  cols: 5
  data: [-0.275426, 0.0795031, 0.000177555, -0.00529948, 0]
rectification_matrix:
  rows: 3
  cols: 3
  data: [0.794958, 0.60172, 0.0772969, -0.60172, 0.798287, -0.0259121, -0.0772969, -0.0259121, 0.996671]
projection_matrix:
  rows: 3
  cols: 4
  data: [4624.52, 0, 283.784, 3.02427e-14, 0, 4624.52, 275.913, 0, 0, 0, 1, 0]